1073200.000000 0.000000 0.000000 0.000000 0.000000 0.000000 0.000000 0.000000 0.000000 0.000000 2870800.000000 5040800.000000 0.000000 0.000000 0.000000 0.000000 0.000000 15524000.000000 0.000000 0.000000 
0.000000 6123600.000000 21591600.000000 0.000000 73933200.000000 0.000000 0.000000 0.000000 0.000000 0.000000 0.000000 0.000000 86697600.000000 0.000000 0.000000 0.000000 0.000000 82089600.000000 0.000000 78862400.000000 
0.000000 21591600.000000 1415600.000000 0.000000 0.000000 0.000000 0.000000 0.000000 0.000000 0.000000 0.000000 0.000000 0.000000 5715600.000000 0.000000 0.000000 0.000000 0.000000 0.000000 0.000000 
0.000000 0.000000 0.000000 730800.000000 0.000000 0.000000 0.000000 0.000000 0.000000 0.000000 2271600.000000 0.000000 0.000000 0.000000 0.000000 0.000000 0.000000 0.000000 14949200.000000 0.000000 
0.000000 73933200.000000 0.000000 0.000000 4497200.000000 0.000000 0.000000 22760000.000000 0.000000 0.000000 0.000000 0.000000 0.000000 25493600.000000 51546000.000000 13334000.000000 0.000000 0.000000 0.000000 0.000000 
0.000000 0.000000 0.000000 0.000000 0.000000 1758000.000000 0.000000 0.000000 0.000000 0.000000 0.000000 0.000000 0.000000 0.000000 0.000000 0.000000 0.000000 29914800.000000 0.000000 0.000000 
0.000000 0.000000 0.000000 0.000000 0.000000 0.000000 2442800.000000 0.000000 0.000000 36747200.000000 0.000000 0.000000 0.000000 0.000000 0.000000 0.000000 0.000000 0.000000 0.000000 0.000000 
0.000000 0.000000 0.000000 0.000000 22760000.000000 0.000000 0.000000 3726800.000000 55468000.000000 50640000.000000 0.000000 0.000000 0.000000 0.000000 0.000000 0.000000 0.000000 0.000000 0.000000 0.000000 
0.000000 0.000000 0.000000 0.000000 0.000000 0.000000 0.000000 55468000.000000 10061200.000000 0.000000 0.000000 28857600.000000 0.000000 0.000000 7493200.000000 7407600.000000 0.000000 0.000000 0.000000 0.000000 
0.000000 0.000000 0.000000 0.000000 0.000000 0.000000 36747200.000000 50640000.000000 0.000000 1758000.000000 0.000000 0.000000 0.000000 0.000000 0.000000 0.000000 0.000000 0.000000 0.000000 89636800.000000 
2870800.000000 0.000000 0.000000 2271600.000000 0.000000 0.000000 0.000000 0.000000 0.000000 0.000000 9290800.000000 20448800.000000 51742800.000000 0.000000 0.000000 0.000000 0.000000 0.000000 0.000000 0.000000 
5040800.000000 0.000000 0.000000 0.000000 0.000000 0.000000 0.000000 0.000000 28857600.000000 0.000000 20448800.000000 2186000.000000 0.000000 0.000000 0.000000 11470800.000000 0.000000 0.000000 29250000.000000 0.000000 
0.000000 86697600.000000 0.000000 0.000000 0.000000 0.000000 0.000000 0.000000 0.000000 0.000000 51742800.000000 0.000000 902000.000000 0.000000 0.000000 40871600.000000 42689200.000000 0.000000 0.000000 0.000000 
0.000000 0.000000 5715600.000000 0.000000 25493600.000000 0.000000 0.000000 0.000000 0.000000 0.000000 0.000000 0.000000 0.000000 2100400.000000 0.000000 11908800.000000 0.000000 0.000000 0.000000 0.000000 
0.000000 0.000000 0.000000 0.000000 51546000.000000 0.000000 0.000000 0.000000 7493200.000000 0.000000 0.000000 0.000000 0.000000 0.000000 5610000.000000 0.000000 0.000000 0.000000 0.000000 0.000000 
0.000000 0.000000 0.000000 0.000000 13334000.000000 0.000000 0.000000 0.000000 7407600.000000 0.000000 0.000000 11470800.000000 40871600.000000 11908800.000000 0.000000 5438800.000000 0.000000 0.000000 0.000000 0.000000 
0.000000 0.000000 0.000000 0.000000 0.000000 0.000000 0.000000 0.000000 0.000000 0.000000 0.000000 0.000000 42689200.000000 0.000000 0.000000 0.000000 5781200.000000 0.000000 0.000000 17538400.000000 
15524000.000000 82089600.000000 0.000000 0.000000 0.000000 29914800.000000 0.000000 0.000000 0.000000 0.000000 0.000000 0.000000 0.000000 0.000000 0.000000 0.000000 0.000000 730800.000000 36118000.000000 0.000000 
0.000000 0.000000 0.000000 14949200.000000 0.000000 0.000000 0.000000 0.000000 0.000000 0.000000 0.000000 29250000.000000 0.000000 0.000000 0.000000 0.000000 0.000000 36118000.000000 1244400.000000 0.000000 
0.000000 78862400.000000 0.000000 0.000000 0.000000 0.000000 0.000000 0.000000 0.000000 89636800.000000 0.000000 0.000000 0.000000 0.000000 0.000000 0.000000 17538400.000000 0.000000 0.000000 559600.000000 
CtrlSum=2209198400.000000
