0.034783 0.000000 0.000000 0.000000 0.000000 0.000000 0.000000 0.000000 0.000000 0.000000 0.034783 0.021053 0.000000 0.000000 0.000000 0.000000 0.000000 0.013793 0.000000 0.000000 
0.000000 0.034783 0.015094 0.000000 0.010959 0.000000 0.000000 0.000000 0.000000 0.000000 0.000000 0.000000 0.010256 0.000000 0.000000 0.000000 0.000000 0.006250 0.000000 0.008163 
0.000000 0.015094 0.034783 0.000000 0.000000 0.000000 0.000000 0.000000 0.000000 0.000000 0.000000 0.000000 0.000000 0.024242 0.000000 0.000000 0.000000 0.000000 0.000000 0.000000 
0.000000 0.000000 0.000000 0.034783 0.000000 0.000000 0.000000 0.000000 0.000000 0.000000 0.034783 0.000000 0.000000 0.000000 0.000000 0.000000 0.000000 0.000000 0.007080 0.000000 
0.000000 0.010959 0.000000 0.000000 0.034783 0.000000 0.000000 0.021053 0.000000 0.000000 0.000000 0.000000 0.000000 0.010256 0.008602 0.024242 0.000000 0.000000 0.000000 0.000000 
0.000000 0.000000 0.000000 0.000000 0.000000 0.034783 0.000000 0.000000 0.000000 0.000000 0.000000 0.000000 0.000000 0.000000 0.000000 0.000000 0.000000 0.012698 0.000000 0.000000 
0.000000 0.000000 0.000000 0.000000 0.000000 0.000000 0.034783 0.000000 0.000000 0.008163 0.000000 0.000000 0.000000 0.000000 0.000000 0.000000 0.000000 0.000000 0.000000 0.000000 
0.000000 0.000000 0.000000 0.000000 0.021053 0.000000 0.000000 0.034783 0.006250 0.011765 0.000000 0.000000 0.000000 0.000000 0.000000 0.000000 0.000000 0.000000 0.000000 0.000000 
0.000000 0.000000 0.000000 0.000000 0.000000 0.000000 0.000000 0.006250 0.034783 0.000000 0.000000 0.016667 0.000000 0.000000 0.034783 0.034783 0.000000 0.000000 0.000000 0.000000 
0.000000 0.000000 0.000000 0.000000 0.000000 0.000000 0.008163 0.011765 0.000000 0.034783 0.000000 0.000000 0.000000 0.000000 0.000000 0.000000 0.000000 0.000000 0.000000 0.004494 
0.034783 0.000000 0.000000 0.034783 0.000000 0.000000 0.000000 0.000000 0.000000 0.000000 0.034783 0.021053 0.012698 0.000000 0.000000 0.000000 0.000000 0.000000 0.000000 0.000000 
0.021053 0.000000 0.000000 0.000000 0.000000 0.000000 0.000000 0.000000 0.016667 0.000000 0.021053 0.034783 0.000000 0.000000 0.000000 0.018605 0.000000 0.000000 0.010959 0.000000 
0.000000 0.010256 0.000000 0.000000 0.000000 0.000000 0.000000 0.000000 0.000000 0.000000 0.012698 0.000000 0.034783 0.000000 0.000000 0.012698 0.010959 0.000000 0.000000 0.000000 
0.000000 0.000000 0.024242 0.000000 0.010256 0.000000 0.000000 0.000000 0.000000 0.000000 0.000000 0.000000 0.000000 0.034783 0.000000 0.016667 0.000000 0.000000 0.000000 0.000000 
0.000000 0.000000 0.000000 0.000000 0.008602 0.000000 0.000000 0.000000 0.034783 0.000000 0.000000 0.000000 0.000000 0.000000 0.034783 0.000000 0.000000 0.000000 0.000000 0.000000 
0.000000 0.000000 0.000000 0.000000 0.024242 0.000000 0.000000 0.000000 0.034783 0.000000 0.000000 0.018605 0.012698 0.016667 0.000000 0.034783 0.000000 0.000000 0.000000 0.000000 
0.000000 0.000000 0.000000 0.000000 0.000000 0.000000 0.000000 0.000000 0.000000 0.000000 0.000000 0.000000 0.010959 0.000000 0.000000 0.000000 0.034783 0.000000 0.000000 0.021053 
0.013793 0.006250 0.000000 0.000000 0.000000 0.012698 0.000000 0.000000 0.000000 0.000000 0.000000 0.000000 0.000000 0.000000 0.000000 0.000000 0.000000 0.034783 0.009639 0.000000 
0.000000 0.000000 0.000000 0.007080 0.000000 0.000000 0.000000 0.000000 0.000000 0.000000 0.000000 0.010959 0.000000 0.000000 0.000000 0.000000 0.000000 0.009639 0.034783 0.000000 
0.000000 0.008163 0.000000 0.000000 0.000000 0.000000 0.000000 0.000000 0.000000 0.004494 0.000000 0.000000 0.000000 0.000000 0.000000 0.000000 0.021053 0.000000 0.000000 0.034783 
CtrlSum=1.724736
