0.210951 0.000000 0.000000 0.000000 0.000000 0.000000 0.000000 0.000000 0.000000 0.000000 0.210951 0.211091 0.000000 0.000000 0.000000 0.000000 0.000000 0.211248 0.000000 0.000000 
0.000000 0.210951 0.211462 0.000000 0.211615 0.000000 0.000000 0.000000 0.000000 0.000000 0.000000 0.000000 0.211609 0.000000 0.000000 0.000000 0.000000 0.211264 0.000000 0.211480 
0.000000 0.211462 0.210951 0.000000 0.000000 0.000000 0.000000 0.000000 0.000000 0.000000 0.000000 0.000000 0.000000 0.211061 0.000000 0.000000 0.000000 0.000000 0.000000 0.000000 
0.000000 0.000000 0.000000 0.210951 0.000000 0.000000 0.000000 0.000000 0.000000 0.000000 0.210951 0.000000 0.000000 0.000000 0.000000 0.000000 0.000000 0.000000 0.210910 0.000000 
0.000000 0.211615 0.000000 0.000000 0.210951 0.000000 0.000000 0.211287 0.000000 0.000000 0.000000 0.000000 0.000000 0.211047 0.210995 0.211058 0.000000 0.000000 0.000000 0.000000 
0.000000 0.000000 0.000000 0.000000 0.000000 0.210951 0.000000 0.000000 0.000000 0.000000 0.000000 0.000000 0.000000 0.000000 0.000000 0.000000 0.000000 0.211337 0.000000 0.000000 
0.000000 0.000000 0.000000 0.000000 0.000000 0.000000 0.210951 0.000000 0.000000 0.210983 0.000000 0.000000 0.000000 0.000000 0.000000 0.000000 0.000000 0.000000 0.000000 0.000000 
0.000000 0.000000 0.000000 0.000000 0.211285 0.000000 0.000000 0.210951 0.210853 0.211270 0.000000 0.000000 0.000000 0.000000 0.000000 0.000000 0.000000 0.000000 0.000000 0.000000 
0.000000 0.000000 0.000000 0.000000 0.000000 0.000000 0.000000 0.210861 0.210951 0.000000 0.000000 0.211230 0.000000 0.000000 0.210951 0.210951 0.000000 0.000000 0.000000 0.000000 
0.000000 0.000000 0.000000 0.000000 0.000000 0.000000 0.210983 0.211273 0.000000 0.210951 0.000000 0.000000 0.000000 0.000000 0.000000 0.000000 0.000000 0.000000 0.000000 0.210919 
0.210951 0.000000 0.000000 0.210951 0.000000 0.000000 0.000000 0.000000 0.000000 0.000000 0.210951 0.211066 0.211159 0.000000 0.000000 0.000000 0.000000 0.000000 0.000000 0.000000 
0.211091 0.000000 0.000000 0.000000 0.000000 0.000000 0.000000 0.000000 0.211226 0.000000 0.211067 0.210951 0.000000 0.000000 0.000000 0.211158 0.000000 0.000000 0.211205 0.000000 
0.000000 0.211610 0.000000 0.000000 0.000000 0.000000 0.000000 0.000000 0.000000 0.000000 0.211159 0.000000 0.210951 0.000000 0.000000 0.211237 0.211065 0.000000 0.000000 0.000000 
0.000000 0.000000 0.211061 0.000000 0.211048 0.000000 0.000000 0.000000 0.000000 0.000000 0.000000 0.000000 0.000000 0.210951 0.000000 0.211007 0.000000 0.000000 0.000000 0.000000 
0.000000 0.000000 0.000000 0.000000 0.210995 0.000000 0.000000 0.000000 0.210951 0.000000 0.000000 0.000000 0.000000 0.000000 0.210951 0.000000 0.000000 0.000000 0.000000 0.000000 
0.000000 0.000000 0.000000 0.000000 0.211058 0.000000 0.000000 0.000000 0.210951 0.000000 0.000000 0.211158 0.211237 0.211007 0.000000 0.210951 0.000000 0.000000 0.000000 0.000000 
0.000000 0.000000 0.000000 0.000000 0.000000 0.000000 0.000000 0.000000 0.000000 0.000000 0.000000 0.000000 0.211065 0.000000 0.000000 0.000000 0.210951 0.000000 0.000000 0.211188 
0.211248 0.211265 0.000000 0.000000 0.000000 0.211336 0.000000 0.000000 0.000000 0.000000 0.000000 0.000000 0.000000 0.000000 0.000000 0.000000 0.000000 0.210951 0.211362 0.000000 
0.000000 0.000000 0.000000 0.210910 0.000000 0.000000 0.000000 0.000000 0.000000 0.000000 0.000000 0.211204 0.000000 0.000000 0.000000 0.000000 0.000000 0.211362 0.210951 0.000000 
0.000000 0.211479 0.000000 0.000000 0.000000 0.000000 0.000000 0.000000 0.000000 0.210920 0.000000 0.000000 0.000000 0.000000 0.000000 0.000000 0.211187 0.000000 0.000000 0.210951 
CtrlSum=17.732971
Omin=0.210853 In cell:7 8
ToptCurrent=0.033
