1 18 18 12 18 18 18 18 12 18 11 12 18 18 18 18 18 18 12 18 
18 2 3 18 5 18 20 20 20 20 13 18 13 5 5 13 13 18 18 20 
2 2 3 2 14 2 2 2 2 2 2 2 2 14 14 2 2 2 2 2 
19 19 19 4 19 19 19 19 19 19 11 19 19 19 19 19 19 19 19 19 
2 2 14 2 5 2 2 8 8 2 2 2 2 14 15 16 2 2 2 2 
18 18 18 18 18 6 18 18 18 18 18 18 18 18 18 18 18 18 18 18 
10 10 10 10 10 10 7 10 10 10 10 10 10 10 10 10 10 10 10 10 
10 10 10 9 5 10 10 8 9 10 9 9 10 5 5 5 10 10 9 10 
12 8 8 12 8 8 8 8 9 8 12 12 8 8 15 16 8 8 12 8 
20 20 20 20 20 20 7 8 8 10 20 20 20 20 20 20 20 20 20 20 
1 13 13 4 13 13 13 12 12 13 11 12 13 13 13 13 13 13 12 13 
1 19 19 19 19 19 19 9 9 19 11 12 16 16 19 16 16 19 19 19 
2 2 2 2 2 2 2 2 2 2 11 16 13 16 2 16 17 2 2 2 
5 5 3 5 5 5 5 5 5 5 16 16 16 14 5 16 16 5 5 5 
5 5 5 5 5 5 5 5 9 5 5 5 5 5 15 5 5 5 5 5 
13 13 13 12 5 13 13 5 9 13 13 12 13 14 5 16 13 13 12 13 
13 13 13 13 13 13 20 20 20 20 13 13 13 13 13 13 17 13 13 20 
1 2 2 19 2 6 2 2 2 2 2 19 2 2 2 2 2 18 19 2 
12 18 18 4 18 18 18 12 12 18 12 12 18 18 18 12 18 18 19 18 
2 2 2 2 2 2 10 10 10 10 2 2 2 2 2 2 17 2 2 20 
CtrlSum=4398.000000
