0 736 95 737 155 98 666 769 410 732 736 748 736 127 668 1283 734 1281 733 666 
5 6577120 100 742 160 103 671 774 415 737 5 753 741 132 673 1288 739 1286 738 671 
646 641 2009742500 642 60 3 571 674 315 637 641 653 641 32 573 1188 639 1186 638 571 
6 76 76 2009720709 75 79 140 109 328 72 76 88 76 74 8 -2 74 621 73 6 
586 581 581 582 3748148 584 511 614 255 577 581 593 581 579 -275462109 -275462062 -290967593 -301822817 578 511 
643 638 638 639 57 6357069 568 671 312 634 638 650 638 636 570 1185 636 1183 635 568 
123 118 118 142 178 121 7536748 221 433 184 118 200 118 116 120 735 116 733 115 118 
54 49 149 284 209 152 324 0 464 256 54 342 260 181 262 514 258 512 257 260 
331 326 326 327 -296546585 329 256 359 0 322 326 338 326 324 -280041228 -280041181 -295546712 -306401936 323 256 
9 4 4 28 64 7 68 107 256 -2 4 86 4 2 6 621 2 619 1 4 
52434 52504 52504 52428 52503 52507 52568 52537 52756 52500 720906 52516 52504 52502 52436 53051 52502 53049 52501 52434 
542 612 612 536 611 615 576 645 864 608 612 2684028 512 610 544 1159 610 1157 609 542 
30 100 100 24 99 103 64 133 352 96 100 112 0 98 32 647 98 645 97 30 
4391077 4391072 4391072 4391073 4391061 4391004 4391136 4391105 4391316 4391068 4391072 4391084 4391072 7602277 4391004 4391619 4391070 4391617 4391069 4391072 
73 68 68 69 128 71 132 101 320 64 68 80 68 66 6553600 615 66 613 65 68 
77 72 72 96 132 75 136 175 387 138 72 154 72 70 74 2683264 70 687 69 72 
7 2 2 26 62 5 66 105 317 68 7 84 2 34 4 619 0 617 69 2 
79 74 74 98 134 77 138 177 389 140 -2 65 74 72 76 2 72 130 71 74 
8 3 3 27 63 6 67 106 318 69 3 85 3 1 5 620 1 618 2010018293 3 
75 70 70 71 69 73 134 103 322 66 70 82 70 68 2 617 68 615 67 8 
